NORMAL
DEFICIENT
160003124
160003480
160003481
160008122
160008123
160008133
160008135
160008136
160008188
170104293
170111175
170111182
170111183
170111184
170111189
170111190
170111198
170111199
170114512
170114513
170114514
170114515
170114516
170114517
170114518
180008808
180008809
180008810
180020400
180030269
180030270
180030271
180030272
180041362
180046299
180046398
180048344
180048345
180048346
180048347
180048348
180051029
180051031
180051032
180051033
180051035
180056615
180061353
180061354
180061356
180061357
180061358
180061359
180061360
180061361
180061428
180061430
180061431
180061432
180061433
180061434
180061435
180061685
180061689
180066901
180066985
180066986
180066987
180066988
180066989
180066990
180066991
180066992
180066993
180066994
180066995
180066996
180066997
180067000
180068642_L2
180070183
180107214
180107215
180107216
180107217
180107218
180107219
180107220
180107221
180107222
180110675_L2
180109715_L2
180080953_L2
180109714_L2
NORMAL
DEFICIENT
180095854_L2
