DiaStart1
NORMAL
DEFICIENT
160003123
160003124
160003480
160003481
160008122
160008123
160008133
160008135
160008136
160008188
170104293
170111175
170111182
170111183
170111184
170111189
170111190
170111198
170111199
170114512
170114513
170114514
170114515
170114516
170114517
170114518
180008808
180008809
180008810
180020400
180030269
180030270
180030271
180030272
180041362
180046299
180046398
180048344
180048345
180048346
180048347
180048348
180051029
180051031
180051032
180051033
180051035
180056615
180061353
180061354
180061356
180061357
180061358
180061359
180061360
180061361
180061428
180061430
180061431
180061432
180061433
180061434
180061435
180061685
180061689
180066901
180066985
180066986
180066987
180066988
180066989
180066990
180066991
180066992
180066993
180066994
180066995
180066996
180066997
180067000
180068642_L2
180070183
180070184
180070185
180071439
180071441
180071442
180071515
180071536
180071537
180071547
180072310
180072311
180072312
DiaEnd1
DiaStart2
NORMAL
DEFICIENT
180072449
180072455
180072456
180072507
180072508
180072509
180072510
180072512
180072513
180072514
180072515
180072516
180072517
180072559
180072562
180072563
180072564
180072565
180072566
180072567
180072568
180072570
180072571
180072572
180072605
180072610
180072611
180072612
180072613
180072614
180072615
180072616
180072617
180072618
180072619
180072620
180072622
180072623
180072624
180072625
180072626
180072627
180072629
180072630
180072632
180072636
180072638
180072639
180072640
180072641
180072642
180072643
180072645
180072646
180072648
180074158
180077321
180077322
180077468
180077479
180079301
180079302
180079303
180079304
180079305
180079306
180079307
180079308
180079309
180079310
180079311
180079312
180079313
180079314
180079315
180079316
180079317
180079318
180079319
180079320
180079321
180079322
180079323
180079324
180079325
180079326
180079327
180079328
180079338
180079340
180080953_L2
180082039
180082040
180082041
DiaEnd2
DiaStart3
NORMAL
DEFICIENT
180082042
180082043
180084379
180084620
180084634
180084912
180084917
180084918
180084920_L2
180084924
180084925
180084926
180084943
180084944
180084950
180086025_L2
180086032_L2
180086041_L2
180086939_L2
180087576
180088026_L2
180088734
180089601
180089602
180089603
180089604
180089605
180089606
180089607
180089608
180089609
180089610
180089611
180089613
180089614
180089615
180089616
180089617
180089618
180089619
180089622
180089623
180089624
180089625
180089626
180089628
180089681
180089682
180089684
180089685
180089687
180089699
180089700
180089901
180089992
180089993
180089994
180091008
180091010
180091152
180091652
180091653
180091654
180091725
180091726
180092236_L2
180092239
180092241
180092242
180092244
180092245
180092246
180092247
180092248
180092251
180092409
180092429
180092431
180092434
180092438
180092439
180092442
180092443
180092444
180092445
180092446
180092449
180092482
180092657
180092658
180092659
180092660
180092661
180092662
DiaEnd3
DiaStart4
NORMAL
DEFICIENT
180092663
180092664
180092665
180092666
180092667
180092668
180092669
180092670
180092671
180092672
180092673
180092674
180092675
180092676
180092677
180094102
180094104
180094105
180094107
180094112
180094114
180094117
180094119
180094122
180094126
180094128
180094131
180094133
180094135
180094547
180094854
180094855
180094856
180094858
180094860
180094861
180094862
180094863
180094864
180094865
180094866
180094883
180094884
180094885
180094886
180094887
180094888
180094889
180094891
180094892
180095214
180095215
180095216
180095217
180095218
180095283
180095753
180095754
180095758
180095759
180095760
180095761
180095762
180095763
180095764
180095768
180095823
180095854_L2
180095858
180095859
180095860
180095885
180095887
180095899
180095953
180095964
180095965
180095966
180095967
180095968
180095969
180095970
180095971
180095972
180095981
180095982
180095987
180095988
180095990
180095991
180095994
180095995
180096053
180096054
DiaEnd4
DiaStart5
NORMAL
DEFICIENT
180096055
180096056
180096057
180096107
180096109
180096110
180096111
180096112
180096349
180097470
180097471
180097473
180097474
180097591
180097592
180097593
180097594
180097595
180097596
180097597
180097598
180097599
180097600
180097672
180097674
180097676
180097677
180097678
180097679
180097681
180097682
180097683
180097684
180097685
180097686
180097687
180097692
180097693
180097694
180097695
180098023
180098025
180098026
180098027
180098030
180098031
180098036
180098037
180098039
180098043
180098141
180098683
180098688
180098689
180098692
180098695
180098696
180098697
180098698
180098705
180098706
180098707
180098708
180100451
180100452
180100454
180100455
180100456
180100501
180100502
180100510
180100534
180100538
180100539
180100541
180100542
180100544
180100545
180100546
180100548
180100549
180100550
180100814
180100816
180100817
180100819
180100823
180100824
180100825
180100826
180100827
180100828
180101768
180101772
DiaEnd5
DiaStart6
NORMAL
DEFICIENT
180101773
180101774
180101775
180101791
180101797
180102071
180102072
180102073
180102075
180102076
180102077
180102078
180102079
180102080
180102082
180102083
180102092
180102095
180102096
180102097
180102100
180102146
180102253
180102372
180102374
180102377
180102381
180102382
180102383
180102384
180102394
180102398
180102400
180102420
180102551
180102740
180102745
180102747
180102748
180103038
180103040
180103041
180103045
180103046
180103047
180103049
180103050
180103076
180103130
180103131
180103132
180103133
180103134
180103267
180103273
180103274
180103275
180103278
180103279
180103281
180103282
180103283
180103284
180103285
180103301
180103306
180103439
180103440
180103441
180103442
180103443
180103445
180103446
180103448
180103449
180103450
180103901
180103902
180103903
180103905
180103908
180103909
180103910
180103911
180103912
180103913
180103914
180103915
180103919
180103920
180103921
180103922
180103923
180103924
DiaEnd6
DiaStart7
NORMAL
DEFICIENT
180103925
180103926
180103927
180103928
180103929
180103930
180103931
180103932
180103933
180103934
180103935
180103936
180103937
180103938
180103939
180103940
180104113
180104114
180104115
180104192
180104240
180104244
180104245
180104246
180104247
180104248
180104249
180104250
180104577
180104581
180104582
180104583
180104584
180104666
180104674
180104840
180104842
180104968
180104969
180104970
180104971
180104972
180104973
180104974
180105066
180105069
180105070
180105072
180105074
180105075
180105076
180105077
180105078
180105124
180105125
180105126
180105127
180105128
180105129
180105130
180105131
180105132
180105960
180105967
180105968
180105969
180105975
180105978
180105979
180105981
180106193
180106421
180106423
180106424
180106425
180106534
180106535
180106536
180106537
180106538
180106539
180106540
180106541
180106542
180106543
180106544
180106545
180106546
180106547
180106548
180106549
180106550
180106551
180106552
DiaEnd7
DiaStart8
NORMAL
DEFICIENT
180106553
180106554
180106827
180106828
180106829
180106830
180106831
180106832
180106833
180106834
180106835
180106836
180106837
180106838
180106839
180106840
180106841
180106842
180106843
180106844
180106845
180106846
180106847
180106848
180106849
180106850
180107015
180107016
180107017
180107018
180107027
180107043
180107044
180107045
180107046
180107047
180107214
180107215
180107216
180107217
180107218
180107219
180107220
180107221
180107222
180107223
180107224
180107225
180107226
180107227
180107228
180107229
180107231
180107232
180107233
180107234
180107235
180107236
180107237
180107238
180107239
180107240
180107241
180107242
180107243
180107251
180107252
180107253
180107254
180107255
180107256
180107257
180107258
180107259
180107260
180107261
180107262
180107263
180107264
180107265
180107266
180107267
180107268
180107269
180107270
180107271
180107272
180107276
180107277
180107278
180107279
180107280
180107352
180107353
DiaEnd8
DiaStart9
NORMAL
DEFICIENT
180107366
180107367
180107414_L2
180107416
180107417
180107526_L2
180107529
180107535
180107536
180107537
180107538
180107539
180107540
180107541
180107542
180107543
180107544
180107545
180107546
180107547
180107548
180107549
180107550
180107601
180107602
180107603
180107604
180107605
180107606
180107607
180107608
180107965
180107966
180108051
180108052
180108053
180108054
180108055
180108057
180108058
180108305
180108306
180108311
180108314
180108315
180108316
180108318
180108320
180108323
180108324
180108377
180108805
180108806
180108863
180109024
180109025
180109042
180109043
180109044
180109274_L2
180109298
180109299
180109300
180109470
180109471
180109472
180109473
180109474
180109475
180109476
180109477
180109478
180109479
180109481
180109483
180109484
180109485
180109486
180109487
180109488
180109489
180109490
180109491
180109492
180109493
180109495
180109496
180109651
180109652
180109653
180109654
180109655
180109656
180109660
DiaEnd9
DiaStart10
NORMAL
DEFICIENT
180109661
180109664
180109665
180109667
180109668
180109669
180109670
180109672
180109675
180109676
180109677
180109678
180109679
180109680
180109683
180109684
180109688
180109689
180109690
180109691
180109692
180109693
180109694
180109695
180109696
180109698
180109699
180109700
180109714_L2
180109715_L2
180109723
180109727
180109728
180109729
180109730
180109731
180109737
180109739
180109740
180109742
180109743
180109749
180109750
180110001
180110002
180110003
180110005
180110006
180110007
180110008
180110010
180110011
180110012
180110013
180110014
180110015
180110016
180110017
180110019
180110020
180110021
180110022
180110023
180110024
180110025
180110026
180110027
180110028
180110049
180110050
180110062
180110063
180110065
180110066
180110067
180110068
180110069
180110070
180110071
180110072
180110073
180110074
180110075
180110076
180110084
180110276
180110277
180110278
180110279
180110280
180110281
180110351
180110352
180110353
DiaEnd10
DiaStart11
NORMAL
DEFICIENT
180110354
180110355
180110356
180110357
180110358
180110359
180110360
180110361
180110362
180110363
180110379
180110380
180110381
180110382
180110383
180110384
180110392
180110393
180110394
180110395
180110396
180110397
180110398
180110399
180110400
180110459
180110460
180110461
180110670
180110672
180110673
180110674
180110675_L2
180110676
180110677
180110678
180110679
180110680
180110681
180110682
180110683
180110864
180110869
180110871
180110872
180110988
180110989
180110990
180110991
180110992
180110993
180111053
180111059
180111060
180111061
180111062
180111063
180111104
180111106
180111107
180111180
180111190
180111192
180111193
180111194
180111195
180111196
180111197
180111200
180111354
180111372
180111380
180111381
180111702_L2
180111706
180111707
180111708
180111709
180111710
180111711
180111712
180111713
180111714
180111715
180111716
180111717
180111718
180111719
180111720
180111721
180111722
180111723
180111724
180111725
DiaEnd11
DiaStart12
NORMAL
DEFICIENT
180111726
180111727
180111728
180111732
180111733
180111734
180111735
180111736
180111737
180111738
180111815
180111816
180111817
180111818
180111862
180111863
180111864
180111865
180112037
180112127
180112134
180112136
180112137
180112139
180112140
180112141
180112143
180112144
180112145
180112149
180112607
180113152
180113153
180113154
180113156
180113157
180113158
180113159
180113162
180113163
180113164
180113201
180113202
180113203
180113204
180113205
180113409
180113410
180113420
180113421
180113424
180113438
180113440
180113441
180113445
180113452
180113454
180113456
180113458
180113459
180113460
180113461
180113462
180113463
180113465
180113569_L2
180113570_L2
180113584
180113585
180113586
180113587
180113588
180113589
180113590
180113591
180113592
180113593
180113594
180113595
180113596
180113597
180113598
180113599
180113600
180113601
180113602
180113603
180113604
180113605
180113606
180113607
180113608
180113610
180113611
DiaEnd12
DiaStart13
NORMAL
DEFICIENT
180113612
180113613
180113614
180113615
180113616
180113617
180113618
180113620
180113621
180113622
180113623
180113624
180113625
180113626
180113627
180113628
180113629
180113631
180113632
180113633
180113634
180113635
180113636
180113751
180113778
180113779
180113780
180113781
180113782
180113820
180113821
180113822
180113823
180113849
180113850
180113853
180113854
180113861
180113862
180113910
180113912
180113913
180113915
180113917
180113919
180113926
180113927
180113928
180114021
180114022
180114023
180114043
180114723
180114724
180114725
180114727
180114728
180114730
180114731
180114732
180114733
180114734
180114735
180114736
180114737
180114738
180114739
180114740
180114741
180114742
180114901
180114902
180114903
180114904
180114905
180115104
180115105
180115106
180115117
180115118
180115122
180115123
180115124
180115131
180115135
180115137
180115138
180115139
180115141
180115142
180115144
180115310
180115311
180115312
DiaEnd13
DiaStart14
NORMAL
DEFICIENT
180115313
180115314
180115316
180115317
180115318
180115319
180115320
180115321
180115322
180115323
180115324
180115354
180115371
180115372
180115373
180115374
180115375
180115376
180115377
180115378
180115379
180115380
180115381
180115382
180115383
180115384
180115385
180115386
180115387
180115388
180115389
180115390
180115391
180115392
180115753
180115754
180115852
180115853
180115854
180115855
180115856
180115857
180115863
180115872
180115876
180115883
180115884
180115885
180115886
180115888
180115890
180115891
180115892
180115893
180115894
180115895
180115896
180117951
180117952
180117963
180117966
180117972
180117974
180117975
180117976
180117977
180117978
180118401
180118402
180118403
180118405
180118408
180118409
180118415
180118417
180118418
180118501
180118502
180118504
180119525
180119526
180119527
180119528
180119529
180119530
180119531
180119532
180119533
180119534
180119535
180119536
180119537
180120007
180120011
DiaEnd14
DiaStart15
NORMAL
DEFICIENT
180120012
180120014
180120015
180120016
180120017
180120601
180120602
180120604
180120605
180120611
180120612
180120613
180120614
180120615
180120616
180120617
180120618
180120619
180120620
180120621
180120622
180120627
180120628
180120630
180120631
180120702
180120803
180120804
180120805
180199373
180199374
180199705
180199706
180199711_L2
180199712
180199713
180199714
180199716
180199721
180199722
180199736
180199737
180199738
180199739
180199740
180199741
DiaEnd15
